0 1 0
0 0.5 0.866025
0.75 0.5 -0.433013
0 1 0
0.75 0.5 -0.433013
0 1 -0
0 0.5 0.866025
-0 -1 -4.37114e-08
-3.78552e-08 -1 -2.18557e-08
0.75 0.5 0.433013
0 1 -0
0.75 0.5 -0.433013
-0.75 0.5 -0.433013
0 1 -0
-0.75 0.5 -0.433013
-0 1 -0
0 0.5 0.866025
-0 -1 -4.37114e-08
-3.78552e-08 -1 -2.18557e-08
0.75 0.5 0.433013
-0 1 -0
-0.75 0.5 -0.433013
1.51421e-07 0.5 0.866025
-0 1 -0
1.51421e-07 0.5 0.866025
0 1 0
0 0.5 0.866025
-0 -1 -4.37114e-08
-3.78552e-08 -1 -2.18557e-08
0.75 0.5 0.433013
0 0.5 0.866025
0 -0.5 0.866025
0.75 -0.5 -0.433013
0 0.5 0.866025
0.75 -0.5 -0.433013
0.75 0.5 -0.433013
-0 0.5 -0.866025
0 0.5 0.866025
0.75 0.5 0.433013
-0.75 0.5 -0.433013
0.75 0.5 -0.433013
0.75 -0.5 -0.433013
-0.75 -0.5 -0.433013
0.75 0.5 -0.433013
-0.75 -0.5 -0.433013
-0.75 0.5 -0.433013
-0 0.5 -0.866025
0 0.5 0.866025
0.75 0.5 0.433013
-0.75 0.5 -0.433013
-0.75 0.5 -0.433013
-0.75 -0.5 -0.433013
1.51421e-07 -0.5 0.866025
-0.75 0.5 -0.433013
1.51421e-07 -0.5 0.866025
1.51421e-07 0.5 0.866025
-0 0.5 -0.866025
0 0.5 0.866025
0.75 0.5 0.433013
-0.75 0.5 -0.433013
0 -0.5 0.866025
-0 -1 -8.74228e-08
-7.57103e-08 -1 4.37114e-08
0 -0.5 0.866025
-7.57103e-08 -1 4.37114e-08
0.75 -0.5 -0.433013
0 -1 1.19249e-08
-0 0.5 -0.866025
-0.75 0.5 -0.433013
1.03273e-08 -1 5.96244e-09
0.75 -0.5 -0.433013
-7.57103e-08 -1 4.37114e-08
7.57103e-08 -1 4.37114e-08
0.75 -0.5 -0.433013
7.57103e-08 -1 4.37114e-08
-0.75 -0.5 -0.433013
0 -1 1.19249e-08
-0 0.5 -0.866025
-0.75 0.5 -0.433013
1.03273e-08 -1 5.96244e-09
-0.75 -0.5 -0.433013
7.57103e-08 -1 4.37114e-08
-1.52855e-14 -1 -8.74228e-08
-0.75 -0.5 -0.433013
-1.52855e-14 -1 -8.74228e-08
1.51421e-07 -0.5 0.866025
0 -1 1.19249e-08
-0 0.5 -0.866025
-0.75 0.5 -0.433013
1.03273e-08 -1 5.96244e-09
